221766074953
221764346601
221766865290
221768070580
221761178626
221766050779
221766074953
221764346601
221766865290
221768070580
221766074953
221766074953
221764346601
221766865290
221768070580
221763839852
221761178626
221765653628
221766050779
221764336130
221767867725
221769213161
221766093137
221764880594
221766874616
221766819171
221767754895
221768845809
221767892331
221769226399
221764316158
221765356551
221769247510
221764021178
221764820591
221767562518
221769564904
221763295019
221763892781
221769616448
221766614397
221766821610
221761588096
221761680583
221764655654
221764816959
221766337597
221766813115
